m1 =10;
m2 =350;
kw = 500000;
ks = 10000;
b = 500;