Tm = 190;
Be = 0.4;
wm = 420;
g = 9.8;
Cr = 0.01;
P = 1.3;
Cd = 0.32;
A = 2.4;
the = 0;%Please give the values in degrees
i = 0.7;
m = 800;
a1 = 40;
a2 = 25;
a3 = 16;
a4 = 12;
a5 = 10;